090440071
090440605
090440606
090230053
090230054
090040264
090040593
090040561
090040594
090040560
090440341
020621442
090440348
030220708
070350004
072220012
090440023
090440356
090440355
090440358
090410547
090440314
091440131
090440110
090440360
090440169
090440695
090440098
090440515
090440516
090440693
091440409
090440236
090440371
090440327
091440227
091440260
090440112
091440101
091440327
091440361
090440001
090440087
091440003
090440188
090440165
091440366
090440384
091440369
090440383
090440386
091440372
090440385
091440370
090440388
091440375
090440389
090880022
090440670
090440544
090440392
090440393
090440489
090440376
090440398
090440677
090440026
090440028
090440214
090440213
090440403
091440383
090440401
091440382
091440117
090440627
090440029
090440088
090440328
090440411
090440089
090440090
090860365
090860366
090440546
090440171
090830015
020341018
090440032
090440033
090580015
090580010
090440418
090230660
090230099
090230100
060820955
071820018
070870491
060820009
060820891
060820941
090440612
090440698
090440039
090440659
090440685
091620073
091620032
091440212
090440430
090440431
090440433
090230022
090230027
090440330
090440329
090440440
090440443
090440446
090440442
090440444
090440448
090440447
099350272
091440402
099350276
091440408
090440574
030760077
010061124
091440171
020341002
010591632
070630090
090630498
070630055
090630534
080830034
080830736
080830737
030340048
010310550
090440461
090440462
090440465
090440468
090440466
090440471
090440042
090440478
091440430
090440084
091440426
090440083
090440481
090440480
090440482
090440103
090440488
090440166
090440167
090440216
090440215
090440402
090440400
090440492
090440493
090440184
090440185
090440046
090440047
090601024
090601025
091440139
090440496
090440498
090231239
090440500
090440502
090440503
090440694
090440186
090440504
090440507
090440653
090440663
090440508
090440509
090440541
090440520
090440409
090440521
091440446
090440524
090440054
090440055
090440535
090440331
090440527
090860227
090860226
090860293
090440025
091440452
090970218
090440531
090440530
090440044
090440058
090230232
090440421
090440534
090440536
090440096
090440658
090440537
090440336
090440068
091440339
090440539
090790011
060290416
070620023
090440115
090440542
090440543
091440460
091440463
091440464
090440549
090440554
091440233
090440662
099350203
091440471
091440470
090440642
090440556
099350172
090440104
091440467
090440369
090440650
090440638
090440566
090440107
090440106
091440198
090440683
090440682
090440673
090440575
091440028
091440026
090440578
090440584
090440116
090440579
070871447
090440588
090440589
090440170
090440002
090440003
090440593
090440595
091440487
091440488
091440489
091440232
090440060
090440113
090440097
090440602
090440603
090440604
090440607
091440497
090440608
090440611
090440614
091440089
091440440
090440396
091440379
090440617
090440616
090440619
070871152
091440413
090440620
090440618
090440623
090440338
090440339
090040939
090440285
090040938
090040940
090440284
090440343
090440290
090440289
090440569
090440297
090440298
090440300
090440258
090440255
090440352
090440354
090440367
090440651
090440518
090440517
090440519
090440372
090440282
090440676
090440378
090440379
090440381
090440387
090440513
090440545
090440394
090440399
090231121
091440387
090440410
090910143
090910144
090440416
090440666
090440691
090440277
020621247
020621248
090231120
090231119
090440286
090231114
090231113
090440180
060821233
060821336
090440427
090440434
090440435
090231603
090231604
090440306
090440307
090440439
090440272
090440573
090440637
090440450
090440452
071630141
090630488
091440240
080830738
080830739
090440631
090440632
090440239
090440476
090440477
090440475
090440479
090440238
090231219
090440635
090440494
090440641
090231111
090231619
090231614
090231217
090440273
090440274
090231218
090440510
090440511
090440259
091440033
090440526
090440528
090440265
090440529
090440533
090440532
091440461
090440552
090440555
090440665
090440560
090440562
090440565
090440564
090440568
090440571
090440570
090440572
090440585
090440580
090440262
090440281
090440592
090231628
090231625
090440596