//Alsacia

090440071
090440605
090440606
090230053
090230054
090040264
090040593
090040561
090040594
090040560
090440341
020621442
090440348
030220708
070350004
072220012
090440023
090440356
090440355
090440358
090410547
090440314
091440131
090440110
090440360
090440169
090440695
090440098
090440515
090440516
090440693
091440409
090440236
090440371
090440327
091440227
091440260
090440112
091440101
091440327
091440361
090440001
090440087
091440003
090440188
090440165
091440366
090440384
091440369
090440383
090440386
091440372
090440385
091440370
090440388
091440375
090440389
090880022
090440670
090440544
090440392
090440393
090440489
090440376
090440398
090440677
090440026
090440028
090440214
090440213
090440403
091440383
090440401
091440382
091440117
090440627
090440029
090440088
090440328
090440411
090440089
090440090
090860365
090860366
090440546
090440171
090830015
020341018
090440032
090440033
090580015
090580010
090440418
090230660
090230099
090230100
060820955
071820018
070870491
060820009
060820891
060820941
090440612
090440698
090440039
090440659
090440685
091620073
091620032
091440212
090440430
090440431
090440433
090230022
090230027
090440330
090440329
090440440
090440443
090440446
090440442
090440444
090440448
090440447
099350272
091440402
099350276
091440408
090440574
030760077
010061124
091440171
020341002
010591632
070630090
090630498
070630055
090630534
080830034
080830736
080830737
030340048
010310550
090440461
090440462
090440465
090440468
090440466
090440471
090440042
090440478
091440430
090440084
091440426
090440083
090440481
090440480
090440482
090440103
090440488
090440166
090440167
090440216
090440215
090440402
090440400
090440492
090440493
090440184
090440185
090440046
090440047
090601024
090601025
091440139
090440496
090440498
090231239
090440500
090440502
090440503
090440694
090440186
090440504
090440507
090440653
090440663
090440508
090440509
090440541
090440520
090440409
090440521
091440446
090440524
090440054
090440055
090440535
090440331
090440527
090860227
090860226
090860293
090440025
091440452
090970218
090440531
090440530
090440044
090440058
090230232
090440421
090440534
090440536
090440096
090440658
090440537
090440336
090440068
091440339
090440539
090790011
060290416
070620023
090440115
090440542
090440543
091440460
091440463
091440464
090440549
090440554
091440233
090440662
099350203
091440471
091440470
090440642
090440556
099350172
090440104
091440467
090440369
090440650
090440638
090440566
090440107
090440106
091440198
090440683
090440682
090440673
090440575
091440028
091440026
090440578
090440584
090440116
090440579
070871447
090440588
090440589
090440170
090440002
090440003
090440593
090440595
091440487
091440488
091440489
091440232
090440060
090440113
090440097
090440602
090440603
090440604
090440607
091440497
090440608
090440611
090440614
091440089
091440440
090440396
091440379
090440617
090440616
090440619
070871152
091440413
090440620
090440618
090440623
090440338
090440339
090040939
090440285
090040938
090040940
090440284
090440343
090440290
090440289
090440569
090440297
090440298
090440300
090440258
090440255
090440352
090440354
090440367
090440651
090440518
090440517
090440519
090440372
090440282
090440676
090440378
090440379
090440381
090440387
090440513
090440545
090440394
090440399
090231121
091440387
090440410
090910143
090910144
090440416
090440666
090440691
090440277
020621247
020621248
090231120
090231119
090440286
090231114
090231113
090440180
060821233
060821336
090440427
090440434
090440435
090231603
090231604
090440306
090440307
090440439
090440272
090440573
090440637
090440450
090440452
071630141
090630488
091440240
080830738
080830739
090440631
090440632
090440239
090440476
090440477
090440475
090440479
090440238
090231219
090440635
090440494
090440641
090231111
090231619
090231614
090231217
090440273
090440274
090231218
090440510
090440511
090440259
091440033
090440526
090440528
090440265
090440529
090440533
090440532
091440461
090440552
090440555
090440665
090440560
090440562
090440565
090440564
090440568
090440571
090440570
090440572
090440585
090440580
090440262
090440281
090440592
090231628
090231625
090440596


//Refax
0008513
0011339
0010363
1115020
0010364
1115000
0010365
1115010
9951796
0012456
0018693
9953502
0032960
1101418
1500500
0032959
1101428
1500510
0001782
0018919
P022257
1500490
9953424
0011328
0013658
0030741
0011475
0011342
9954235
0034679
9942057
0030768
0005700
0005332
0008532
0011360
0010237
0018927
0018928
0011352
0011351
0008621
0011371
0030781
9952466
0014232
0017804
1900570
0011323
0008547
0030797
0030820
9943168
9950654
0008554
0008553
0023438
0030821
0018924
0030823
0011326
0011361
P017087
0027214
0014785
0014786
0008562
0023286
9952444
0008566
0006937
0006936
0006933
0006932
0009535
0034827
9953293
0009762
9951314
0023071
0011340
0027937
0030859
0030860
0018923
0006944
0006943
0008586
0030888
0011359
0011347
0030794
9952457
0014783
0018949
0011374
119232P
0011487
0033635
119232G
9953557
190108M
9950130
9954187
0023718
0013348
0023719
0014804
0011476
2011476
9942948
9942949
0008600
0030928
9942966
0026552
9953736
0008609
0008611
0011348
0011332
0011331
0011362
0011363
0006931
0013460
0006930
0013459
0006939
0006940
0019020
0030970
0018930
0029656
9951901
H004224
0029663
9951895
0029658
9951905
H004226
9951897
0030992
0014788
0006947
0011337
9942971
0010970
0006941
0006948
9953927
9953928
0032100
0032102
0008633
0006989
P016873
0014280
8058210
8059101
7024920
7255237
0012330
9953436
0011358
0011357
0016871
0018915
0011437
001429S
9951695
0011327
0031096
0031101
9942976
0008551
9946017
0014787
9953458
9953457
0011321
0019025
0030712
0034241
0021625
0034249
9954165
0021942
0032600
0032601
9954163
0021958
0021959
0021948
0032602
0022036
9954104
0021627
0034232
9942986
9942955
9942956
9942939
9942958
9953503
0032828
0032829
9951113
9954637
9942892
0030734
0030735
0030772
0030769
0030984
0030983
0030779
0030782
0030796
0030832
0030833
0030836
9950994
9950993
0016745
0016744
0031180
9952233
0031162
9951727
0030861
0030892
9947591
0030958
9951572
9953558
0030931
9942466
0016746
0016747
0016753
0026527
0016752
0026526
0022819
0022820
0030807
0031007
0031023
9950168
7397439
7636096
0031064
0031060
0031097
0031104

//Bicimoto
