0008513
0011339
0010363
1115020
0010364
1115000
0010365
1115010
9951796
0012456
0018693
9953502
0032960
1101418
1500500
0032959
1101428
1500510
0001782
0018919
P022257
1500490
9953424
0011328
0013658
0030741
0011475
0011342
9954235
0034679
9942057
0030768
0005700
0005332
0008532
0011360
0010237
0018927
0018928
0011352
0011351
0008621
0011371
0030781
9952466
0014232
0017804
1900570
0011323
0008547
0030797
0030820
9943168
9950654
0008554
0008553
0023438
0030821
0018924
0030823
0011326
0011361
P017087
0027214
0014785
0014786
0008562
0023286
9952444
0008566
0006937
0006936
0006933
0006932
0009535
0034827
9953293
0009762
9951314
0023071
0011340
0027937
0030859
0030860
0018923
0006944
0006943
0008586
0030888
0011359
0011347
0030794
9952457
0014783
0018949
0011374
119232P
0011487
0033635
119232G
9953557
190108M
9950130
9954187
0023718
0013348
0023719
0014804
0011476
2011476
9942948
9942949
0008600
0030928
9942966
0026552
9953736
0008609
0008611
0011348
0011332
0011331
0011362
0011363
0006931
0013460
0006930
0013459
0006939
0006940
0019020
0030970
0018930
0029656
9951901
H004224
0029663
9951895
0029658
9951905
H004226
9951897
0030992
0014788
0006947
0011337
9942971
0010970
0006941
0006948
9953927
9953928
0032100
0032102
0008633
0006989
P016873
0014280
8058210
8059101
7024920
7255237
0012330
9953436
0011358
0011357
0016871
0018915
0011437
001429S
9951695
0011327
0031096
0031101
9942976
0008551
9946017
0014787
9953458
9953457
0011321
0019025
0030712
0034241
0021625
0034249
9954165
0021942
0032600
0032601
9954163
0021958
0021959
0021948
0032602
0022036
9954104
0021627
0034232
9942986
9942955
9942956
9942939
9942958
9953503
0032828
0032829
9951113
9954637
9942892
0030734
0030735
0030772
0030769
0030984
0030983
0030779
0030782
0030796
0030832
0030833
0030836
9950994
9950993
0016745
0016744
0031180
9952233
0031162
9951727
0030861
0030892
9947591
0030958
9951572
9953558
0030931
9942466
0016746
0016747
0016753
0026527
0016752
0026526
0022819
0022820
0030807
0031007
0031023
9950168
7397439
7636096
0031064
0031060
0031097
0031104